4294967294,0
4294967279,114
4294967279,113
4294967279,112
4294967279,111
4294967279,110
4294967279,109
4294967279,108
4294967279,107
4294967279,106
4294967279,105
4294967279,104
4294967279,103
4294967279,102
4294967279,101
4294967279,100
4294967279,99
4294967279,98
4294967294,476
151,4
4294967278,34
4294967278,33
4294967278,32
4294967278,31
4294967278,30
4294967278,29
4294967278,28
4294967278,27
4294967278,26
4294967278,25
4294967278,24
4294967278,23
4294967278,22
4294967278,21
4294967278,20
4294967278,19
4294967278,18
4294967278,17
4294967278,16
4294967278,15
4294967278,14
4294967278,13
4294967278,12
4294967278,11
4294967278,10
4294967278,9
4294967278,8
4294967278,7
4294967278,6
4294967278,5
4294967278,4
4294967279,132
4294967279,131
4294967279,130
4294967279,129
4294967279,128
4294967279,127
4294967279,126
4294967279,125
4294967279,124
4294967279,123
4294967279,122
4294967279,121
4294967279,120
4294967279,119
4294967279,118
4294967279,117
4294967279,116
4294967279,115
163,5
142,6
148,6
152,5
153,5
150,5
151,5
145,5
147,5
4294967294,18
4294967294,127
4294967294,14
4294967294,126
4294967294,20
4294967294,13
4294967279,297
4294967278,295
4294967279,430
4294967278,294
4294967279,445
4294967278,364
4294967279,444
4294967278,397
4294967279,429
4294967278,305
4294967279,296
4294967278,426
4294967278,346
4294967279,148
4294967278,402
4294967278,132
4294967278,131
4294967278,337
4294967278,130
4294967278,256
4294967278,129
4294967278,128
4294967278,127
4294967278,126
4294967278,381
4294967278,125
4294967278,124
4294967278,379
4294967278,123
4294967278,122
4294967278,121
4294967278,249
4294967278,120
4294967278,247
4294967278,119
4294967278,391
4294967278,118
4294967278,243
4294967278,117
4294967278,241
4294967278,116
4294967278,115
4294967278,387
4294967278,114
4294967278,113
4294967278,235
4294967278,112
4294967278,111
4294967278,110
4294967278,109
4294967278,227
4294967278,108
4294967278,107
4294967278,106
4294967278,105
4294967278,104
4294967278,103
4294967278,102
4294967278,101
4294967278,100
4294967278,99
4294967278,98
4294967278,97
4294967278,96
4294967278,95
4294967278,94
4294967278,93
4294967278,92
4294967278,91
4294967278,90
4294967278,89
4294967278,87
4294967278,86
4294967278,85
4294967278,84
4294967278,83
4294967278,82
4294967278,81
4294967278,80
4294967278,79
4294967278,78
4294967278,77
4294967278,76
4294967278,75
4294967278,74
4294967278,73
4294967278,72
4294967278,71
4294967278,70
4294967278,69
4294967278,68
4294967278,67
4294967278,66
4294967278,65
4294967278,64
4294967278,63
4294967278,62
4294967278,61
4294967278,60
4294967278,59
4294967278,58
4294967278,57
4294967278,56
4294967278,55
4294967278,54
4294967278,53
4294967278,52
4294967278,51
4294967278,50
4294967278,49
4294967278,48
4294967278,47
4294967278,46
4294967278,45
4294967278,44
4294967278,43
4294967278,42
4294967278,41
4294967278,40
4294967278,39
4294967278,38
4294967278,37
4294967278,36
4294967278,35
4294967278,0
4294967278,260
4294967279,89
4294967279,87
4294967279,86
4294967279,85
4294967279,84
4294967279,83
4294967279,82
4294967279,81
4294967279,80
4294967279,79
4294967279,78
4294967279,77
4294967279,76
4294967279,75
4294967279,74
4294967279,73
4294967279,72
4294967279,71
4294967279,70
4294967279,69
4294967279,68
4294967279,67
4294967279,66
4294967279,65
4294967279,64
4294967279,63
4294967279,62
4294967279,61
4294967279,60
4294967279,59
4294967279,58
4294967279,57
4294967279,56
4294967279,55
4294967279,54
4294967279,53
4294967279,52
4294967279,51
4294967279,50
4294967279,49
4294967279,48
4294967279,47
4294967279,46
4294967279,45
4294967279,44
4294967279,43
4294967279,42
4294967279,41
4294967279,40
4294967279,39
4294967279,38
4294967279,37
4294967279,36
4294967279,31
4294967279,30
4294967279,29
4294967279,28
4294967279,27
4294967279,26
4294967279,25
4294967279,24
4294967279,455
4294967279,23
4294967279,22
4294967279,302
4294967279,21
4294967279,304
4294967279,20
4294967279,19
4294967279,18
4294967279,17
4294967279,16
4294967279,468
4294967279,15
4294967279,14
4294967279,13
4294967279,12
4294967279,11
4294967279,303
4294967279,10
4294967279,9
4294967279,285
4294967279,8
4294967279,0
4294967279,260
4294967279,406
4294967279,7
4294967279,6
4294967279,5
4294967279,4
4294967279,35
4294967279,437
4294967294,478
149,212
149,213
149,210
149,36
149,208
149,206
149,204
149,202
149,201
149,199
149,55
149,195
149,193
149,5
4294967279,34
4294967279,408
149,8
149,7
149,4
4294967294,1424
4294967279,33
4294967279,407
4294967294,1011
4294967294,1010
4294967294,1008
4294967294,1007
4294967294,1002
4294967294,991
4294967294,966
4294967294,964
4294967294,963
4294967294,962
4294967294,60
4294967294,961
4294967294,1028
4294967294,1027
4294967294,986
4294967294,985
4294967294,987
4294967294,984
4294967294,983
4294967294,982
4294967294,1030
4294967294,979
4294967294,981
4294967294,978
4294967294,1029
4294967294,977
4294967294,976
4294967294,970
4294967294,973
4294967294,971
4294967294,975
4294967294,969
4294967294,422
4294967294,1025
4294967294,1024
4294967294,1026
4294967294,30
4294967294,61
4294967294,67
4294967294,93
4294967294,95
4294967294,43
4294967294,418
4294967294,51
4294967294,52
4294967294,50
4294967294,12
4294967294,25
4294967294,1019
4294967294,26
4294967294,92
4294967294,88
163,4
4294967294,427
4294967294,1037
4294967294,1034
4294967294,82
4294967294,1419
4294967294,83
4294967294,11
4294967294,81
4294967294,68
0,5
4294967294,7
4294967279,32
4294967279,309
4294967294,6
4294967294,5
4294967278,425
4294967279,484
4294967278,424
4294967279,483
4294967278,423
4294967278,422
4294967278,421
4294967294,1428
4294967279,482
4294967278,420
235,4
4294967279,481
235,3
235,2
235,1
4294967278,419
4294967279,480
4294967278,418
4294967279,479
4294967278,417
4294967278,416
234,5
4294967279,478
4294967278,415
4294967279,477
234,4
234,3
234,2
234,1
4294967279,476
233,5
4294967294,1427
233,4
233,3
233,2
233,1
232,5
232,4
232,3
232,2
232,1
231,5
231,4
231,3
231,2
231,1
230,7
230,6
4294967294,1426
4294967294,482
230,5
230,4
230,3
230,2
230,1
228,4
228,3
228,2
228,1
227,4
227,3
227,2
227,1
4294967294,1425
149,1690
149,1689
149,1688
149,1687
149,1686
149,1685
149,1684
149,1483
149,63
149,1683
149,1131
149,1126
149,1682
149,1681
149,1680
149,1679
149,1678
149,1677
149,1676
149,1675
149,1674
149,1673
149,1672
149,1129
149,1130
149,1671
149,1670
149,1669
149,1668
149,1667
149,1481
149,1482
149,1666
149,1665
149,1664
149,1663
149,1662
149,1661
149,1660
149,1659
149,1128
149,1658
149,1657
149,1656
149,1655
149,1654
149,1653
149,1652
149,1651
149,1650
149,1480
149,1649
149,1648
149,1647
149,1127
149,1646
149,1645
149,1644
149,1643
149,1642
149,1641
149,1640
149,1639
149,1638
149,1637
149,1636
149,62
149,1635
149,1634
149,1479
149,1633
149,1632
149,1631
149,1630
149,1629
149,1628
149,1627
149,1626
149,1625
149,1624
149,1623
149,1622
149,1621
149,1620
149,61
149,1619
149,1618
149,1617
149,1616
149,1615
149,1614
149,1125
149,1124
149,1613
149,1612
149,1611
149,1610
149,1609
149,1608
149,1607
149,1606
149,1605
149,1477
149,1478
149,1604
149,1603
149,1602
149,1123
149,233
149,1601
149,1600
149,1599
149,1598
149,1597
149,1596
149,1595
149,1594
149,1593
149,1592
149,1591
149,1122
149,1590
149,1589
149,1588
149,1476
149,1587
149,1586
149,1585
149,1584
149,1583
149,1582
149,1581
149,1580
149,1121
149,1579
149,1578
149,1577
149,1576
149,1575
149,1574
149,1573
149,1572
149,1475
149,1571
149,1120
149,1570
149,1569
149,1568
149,1567
149,1566
149,1565
149,1564
149,1119
149,1563
149,1562
149,60
149,1561
149,1560
149,1559
149,1558
149,1557
149,1556
149,1118
149,1555
149,1554
149,1553
149,1552
149,1551
149,1550
149,1549
149,1117
149,1548
149,1547
149,1546
149,1545
149,1544
149,1543
149,1116
149,1542
149,1473
149,1474
149,1541
149,1540
149,1539
149,1538
149,1537
149,1115
149,1536
149,1471
149,1470
149,1469
149,1468
149,1114
149,1467
149,1466
149,1465
149,1464
149,1113
149,1463
149,1462
149,1461
149,1472
149,1460
149,1112
149,1459
149,1458
149,1457
149,1456
149,59
149,1455
149,1454
149,1453
149,1452
149,1451
149,1450
149,1449
149,1110
149,1111
149,1448
149,1447
149,1446
149,1445
149,32
149,1444
149,1443
149,1442
149,1441
149,1440
149,1439
149,1438
149,1437
149,1436
149,1109
149,1435
149,1434
149,1433
149,1432
149,1431
149,1430
149,1429
149,1428
149,1108
149,1427
149,1426
149,1425
149,1424
149,1423
149,1422
149,1421
149,1420
149,639
149,638
149,1419
149,1418
149,1417
149,1107
149,1416
149,1415
149,1414
149,1413
149,1412
149,1411
149,1410
149,1409
149,1408
149,1407
149,1106
149,1406
149,1405
149,1404
149,1403
149,637
149,1402
149,1401
149,1400
149,1399
149,1398
149,1397
149,1105
149,1396
149,1395
149,1394
149,1393
149,1392
149,1391
149,1390
149,1389
